0.00267819566014118,-0.995012009680841,-0.0997210868122839,0.224229410636057
-0.999995230313439,-0.00281074456367282,0.00118869509630812,0.805102351701899
-0.00146305344954772,0.0997175839486629,-0.995015144116889,0.215899200707299
0,0,0,1
-0.00632799284806758,-0.994487120241168,-0.104669433491879,0.227003874590275
-0.999920496291384,0.00743342558737033,-0.0101744430886143,0.80100218414141
0.0108963989429393,0.104596883802209,-0.994455446751303,0.217665973605405
0,0,0,1
-0.0178723853554969,-0.994608152891163,-0.102154621268684,0.231735437659913
-0.999764897467446,0.0190311471339544,-0.0103797605125855,0.799185855600471
0.012267906937571,0.101945249442346,-0.99471480289486,0.21804937838243
0,0,0,1
-0.0338634151966599,-0.994146071579327,-0.102602258905087,0.236630630939311
-0.999404934271846,0.034355952943059,-0.00303650767161162,0.79905874500614
0.00654372763197682,0.102438533294041,-0.994718252200965,0.219503129665962
0,0,0,1
-0.0374418268365598,-0.994555569650949,-0.0972506847810168,0.242013569522089
-0.999288736063725,0.0376982365769732,-0.00079973266014432,0.798218068184286
0.004461556490963,0.097151727096999,-0.995260021255904,0.221079558957342
0,0,0,1
-0.0426524543981214,-0.994887273398947,-0.091544796419757,0.247072040624697
-0.999081492818482,0.0428476119803829,-0.00016649933831581,0.796993850351879
0.00408812284860116,0.0914537676591563,-0.995801369601108,0.221880405219516
0,0,0,1
-0.0428582509670167,-0.995299266596756,-0.0868499268829249,0.25198401270505
-0.999066459240973,0.0431652027537073,-0.00165837060439756,0.795994561163198
0.00539946763765449,0.086697932073718,-0.996220450091433,0.223370114563184
0,0,0,1
-0.0358930584221269,-0.995656076961723,-0.0859129493988189,0.256302685547723
-0.999284711649771,0.0367810382507833,-0.00877468178966944,0.795321922936646
0.0118965258439959,0.0855367048526758,-0.996264430388887,0.226076214468542
0,0,0,1
-0.0257064197498008,-0.995945205460236,-0.0862130968962871,0.261237103985802
-0.999511093188956,0.027141449008921,-0.0155142171632605,0.795220433420986
0.0177912473672106,0.0857722898676037,-0.996156341224795,0.229051617267371
0,0,0,1
-0.0250299784819771,-0.99589810408961,-0.0869530715350848,0.266214378838812
-0.999349000389265,0.0271869758805595,-0.0237111525115106,0.795268622504482
0.0259778656780392,0.0863031335228138,-0.995930614937706,0.231703122935591
0,0,0,1
-0.0297145941096792,-0.995824599772766,-0.0863178985530895,0.27106751230297
-0.999016620539051,0.032430188771493,-0.0302299582022331,0.795419041006472
0.0329030194761508,0.0853349025096035,-0.995809326723484,0.234169350706323
0,0,0,1
-0.0350931713966811,-0.995794853741332,-0.0846253452162457,0.276476228159173
-0.99870158248535,0.0380718421175369,-0.0338446476131358,0.796447101282055
0.0369241434510974,0.0833279085464435,-0.995838308134399,0.236883214213662
0,0,0,1
-0.0392152176224272,-0.995778338321858,-0.0829942067597185,0.281751157700592
-0.998412625691321,0.0424079365855221,-0.037061738967371,0.79707643831886
0.0404248620777457,0.0814092383343762,-0.995861051714569,0.239761252494293
0,0,0,1
-0.0443831453245465,-0.995676722178227,-0.0815988490288345,0.286761086296939
-0.998001405613261,0.0478674810570826,-0.0412513772891376,0.796718748541128
0.0449789363154762,0.0796050589619686,-0.995811627207639,0.24156056923349
0,0,0,1
-0.0458513476301421,-0.995795119347735,-0.0793101857603914,0.291757251536561
-0.997739435774775,0.0495557920839471,-0.0453874410550883,0.796088347485353
0.0491268371397028,0.0770499837561993,-0.995816609523124,0.243378900121302
0,0,0,1
-0.0530230881297194,-0.995519455906055,-0.0782939094885454,0.298919325988707
-0.997117898921606,0.0570420527963584,-0.0500187867063932,0.794599569189575
0.0542606826566499,0.0754162672634869,-0.995675162834962,0.245121760110923
0,0,0,1
-0.0600063627981274,-0.995265517732872,-0.0764601653918444,0.305070899608582
-0.996569396708945,0.0641060907446972,-0.0523414439207028,0.793973580936094
0.0569951565830501,0.0730572007677471,-0.995698278360245,0.247150855058484
0,0,0,1
-0.0654138160834086,-0.995060499521639,-0.0746726609675676,0.311169186575581
-0.996076999540157,0.069583145186269,-0.0546678865009275,0.792556880924435
0.0595937711468331,0.0708038448136875,-0.995708923864074,0.24788350220199
0,0,0,1
-0.0671411609787466,-0.995060576752381,-0.0731223954451498,0.31773382677892
-0.995883150205054,0.0713089780814846,-0.0559603615043996,0.790591311401178
0.0608981900149786,0.0690642778928446,-0.995752177199562,0.248738959688737
0,0,0,1
-0.0678704922825124,-0.99513273260907,-0.0714479725378467,0.324802786914644
-0.995749618322113,0.072033126945903,-0.057390833672746,0.788107463807222
0.0622580741407262,0.067249307469069,-0.995792309974116,0.248878488059004
0,0,0,1
-0.0651839235492492,-0.995523354730069,-0.0684447173327595,0.330910097682592
-0.995952735019992,0.0691586297283972,-0.0574022194862386,0.786901567486198
0.0618787493727766,0.0644261621062956,-0.996002585860248,0.249381336646568
0,0,0,1
-0.0675971054891886,-0.995501358095387,-0.0663931530154421,0.336442610411575
-0.995915132887376,0.0713184540467973,-0.0553760543426086,0.785672952102143
0.0598619522102311,0.0623788456552541,-0.996256135243904,0.250348913373142
0,0,0,1
-0.0635297429505379,-0.996039688721928,-0.0622035780801392,0.343383799884606
-0.996350327840857,0.0668631076385518,-0.0530577938063193,0.784865953715782
0.0570067529251832,0.0586059687259576,-0.996652612781124,0.250673030056253
0,0,0,1
-0.0605272427687481,-0.996362359284769,-0.0599906458702218,0.348782680503282
-0.996656093950788,0.0636313987450961,-0.0512587102818158,0.78397636566992
0.054889499729809,0.0566876559481746,-0.99688239637448,0.250876526530582
0,0,0,1
-0.0588670645999375,-0.996597633012564,-0.0576905802542447,0.354127896345052
-0.996914325494846,0.0616951836885786,-0.0485315496635104,0.783296375885685
0.0519256221489851,0.0546558178610095,-0.997154617303753,0.251702727696043
0,0,0,1
-0.0572150445995714,-0.996865048945317,-0.0546524501534896,0.361269978027155
-0.997104388462882,0.0598038802714115,-0.0469692818826616,0.782321707437065
0.0500904290912668,0.0518070105140257,-0.997400542121697,0.251514746316499
0,0,0,1
-0.0581986006501554,-0.996893733532554,-0.0530677374608827,0.366390227689697
-0.997239133174404,0.0605099534577358,-0.0430399284531236,0.782336078576185
0.0461173292260564,0.0504165232710136,-0.997663382595824,0.252269721499585
0,0,0,1
-0.0612402601356929,-0.996837900440435,-0.0506380203733958,0.372157995801968
-0.997121773076423,0.0633718202654552,-0.041616833030403,0.781277982285032
0.0446942289614775,0.0479438096568929,-0.99785002644395,0.252601552820287
0,0,0,1
-0.0659100994623416,-0.996603230717054,-0.0493785141169727,0.377664122444037
-0.996843574280705,0.06795938457811,-0.0410388786210228,0.78005025238918
0.0442551817434803,0.0465179407837687,-0.997937081162002,0.252637531696946
0,0,0,1
-0.0709148911614935,-0.996225828547643,-0.0500555141124296,0.382681865566206
-0.996522501384675,0.0729582463645244,-0.0402464658964557,0.778718358067652
0.0437465010326645,0.0470275351750819,-0.99793562551038,0.252770750043286
0,0,0,1
-0.0745928462864273,-0.995981777157059,-0.0495639428413794,0.388169951443235
-0.996325053503922,0.0765323884264274,-0.0384572613759668,0.777728609092325
0.0420959493337961,0.0465133242789732,-0.998030710845355,0.253601391923228
0,0,0,1
-0.0752526395763161,-0.995902302962373,-0.0501599495246679,0.393052310732228
-0.996266015610874,0.0772244618504881,-0.0386029582893088,0.776676039072755
0.0423183208864291,0.047067841344282,-0.997995308730459,0.254059698965447
0,0,0,1
-0.0785819861208741,-0.995578482411897,-0.051465847734314,0.397890389603794
-0.995938505027253,0.0806766496418351,-0.0399693968129526,0.775149134556589
0.0439447331132676,0.0481161075281492,-0.997875021737895,0.254251736958181
0,0,0,1
-0.0803137200494424,-0.995314527356839,-0.0538430480871396,0.402768249116437
-0.995663873589527,0.0826510855293657,-0.0426852397247575,0.77312611222121
0.0469353929091467,0.0501815298283818,-0.997637079130148,0.254751894489168
0,0,0,1
-0.0832443643175218,-0.994927594428892,-0.0564786016491235,0.410158603212603
-0.995314182042703,0.0858069417289659,-0.0445716183685181,0.770754238522168
0.0491917548076164,0.0525037792709063,-0.997408834713619,0.255648697470076
0,0,0,1
-0.0868116324608307,-0.9943480725205,-0.061123025715324,0.416838552815834
-0.994901620765766,0.0896940188326435,-0.0461034708873049,0.768620294830529
0.0513252313599614,0.0568092413528161,-0.997065339319623,0.257676686229303
0,0,0,1
-0.0872001085283371,-0.993983225048956,-0.0662862056211972,0.423355951175417
-0.994533167651731,0.0906989695594227,-0.0517422291246366,0.765795454691952
0.0574429579694232,0.06141206302351,-0.996458592136455,0.257986881230113
0,0,0,1
-0.0855873420855089,-0.993968837985304,-0.0685647664097147,0.42817068727001
-0.994611553322989,0.0892779034254664,-0.0526981671819416,0.764708520121387
0.0585016134665206,0.0636851734453629,-0.996254295426551,0.258952159535753
0,0,0,1
-0.0857886762599694,-0.993755211551915,-0.0713530165365119,0.433260455993511
-0.994480197935771,0.0897532926287893,-0.0543439558394459,0.762859427722051
0.0604087149855723,0.0662972263248429,-0.995970043057455,0.259437613123028
0,0,0,1
-0.0835376483654624,-0.993770051410363,-0.0737761223552803,0.439318502466366
-0.99455720909433,0.0877717387891835,-0.0561414542201303,0.762055455447577
0.0622671105085459,0.0686848093280879,-0.995693761184269,0.260509971989566
0,0,0,1
-0.0851690824125423,-0.993552237505516,-0.0748368111931213,0.444894098682195
-0.994369740618908,0.0895109944143609,-0.0567131756809298,0.760396906086563
0.0630461755343483,0.0695854113259515,-0.995582197795659,0.261610405818139
0,0,0,1
-0.0851500434967226,-0.993440509786738,-0.0763268810781997,0.451491032552848
-0.994272196789929,0.0896873435897152,-0.0581271261976587,0.759627892053773
0.0645913515112696,0.0709403281438279,-0.995387507254277,0.261924854404125
0,0,0,1
-0.0882869186847556,-0.993057777045696,-0.0777305597395108,0.458820167002558
-0.993947240064757,0.0929496194618202,-0.0585579747424268,0.758181500383858
0.0653764320211912,0.072090331762529,-0.995253620365008,0.262080809611996
0,0,0,1
-0.0919136942754417,-0.992802690141008,-0.0767792914738723,0.465666954867814
-0.993734505603826,0.0963768642497445,-0.056595200888457,0.75821049403664
0.0635875702002927,0.0710965169950683,-0.995440992128701,0.262226706049425
0,0,0,1
-0.0943128970774126,-0.99268671018276,-0.0753560968369771,0.470836157647639
-0.993694642164252,0.0984775344485681,-0.0535996039135782,0.758205950657293
0.0606284544248177,0.0698259756689897,-0.995715514744453,0.263087269396604
0,0,0,1
-0.0942557125803843,-0.992646888611108,-0.0759498748188688,0.476670509080158
-0.993796847703886,0.0983385642041918,-0.0519339602175049,0.758076326565339
0.059020844172208,0.0705838335853975,-0.995758668284707,0.262360776492103
0,0,0,1
-0.0954786856381312,-0.992687426782852,-0.0738638072485066,0.481739151820791
-0.993809390501941,0.0992945840855081,-0.0498323659789668,0.757470352339459
0.0568021993059568,0.068648776545497,-0.996022950766046,0.262314830387294
0,0,0,1
-0.0939714933038136,-0.992986542833999,-0.0717457570620908,0.488687274121539
-0.994197840030419,0.0973864129980622,-0.0456763003598188,0.757369039769536
0.0523429769130244,0.067037366868191,-0.996376970379201,0.261795422025451
0,0,0,1
-0.0927020255915828,-0.993142669780134,-0.0712344133806325,0.495142902089018
-0.994484855817343,0.0958766405935204,-0.0425126301450012,0.7566394947972
0.0490507890679981,0.0669006987493848,-0.996553651240855,0.260561524500402
0,0,0,1
-0.0929140555855477,-0.993290027138927,-0.068864146073499,0.50220368264151
-0.994690007811133,0.0956741355752827,-0.0379213656334752,0.756092597971914
0.0442554012788354,0.0649752107417924,-0.996905484279763,0.260246724257162
0,0,0,1
-0.0936047484395496,-0.993259557327774,-0.068366462971479,0.508907712877065
-0.994753376292885,0.0961503347317457,-0.0349373017713076,0.754448718008101
0.0412752387090666,0.0647376331871656,-0.997048773560611,0.258494980939443
0,0,0,1
-0.090258242798132,-0.993579943185632,-0.0682108270255674,0.514886505469876
-0.995175132326124,0.0926245249890971,-0.0323563632334371,0.753369652986495
0.0384666025753616,0.0649614509724569,-0.997146525846529,0.25694968360821
0,0,0,1
-0.0846199970339311,-0.994115179946527,-0.0676375387992672,0.52101966472409
-0.995803578087451,0.0867473037960789,-0.0291533708982692,0.751945446760978
0.0348491589170369,0.0648869056641011,-0.997284357384319,0.25534203068946
0,0,0,1
-0.0789635793441931,-0.994678195690324,-0.0661846859031085,0.527155957083697
-0.996330342986453,0.0809453312753286,-0.0278115105645882,0.750128522213282
0.0330208220471217,0.0637458752048908,-0.997420148385339,0.253949308835825
0,0,0,1
-0.0776655310131744,-0.994857980444894,-0.0650079762226115,0.533498283448932
-0.99652790199886,0.079427235013691,-0.0249646473961763,0.748130837847953
0.0299996622849093,0.0628435305011949,-0.997572841741811,0.252759786136782
0,0,0,1
-0.0773766112248967,-0.995036805266405,-0.062569879622274,0.540048968218734
-0.996583995784519,0.0790084703878238,-0.0240370460668063,0.745754968309263
0.0288612766268287,0.0604963967098081,-0.997751510023134,0.251641923619534
0,0,0,1
-0.0766365987348031,-0.995179239545933,-0.0612003839402061,0.545171220581048
-0.996657083912934,0.0782038955314039,-0.0236344310009741,0.744185017333814
0.0283065845262956,0.0591846951767074,-0.997846066209533,0.250271595852218
0,0,0,1
-0.078419093455835,-0.995166990854602,-0.0591056731862835,0.551336856989784
-0.996538811960169,0.0798913893572675,-0.0229682564801131,0.742161815381258
0.0275792665891588,0.0571001091297501,-0.997987887584047,0.249290201490836
0,0,0,1
-0.0828389841210451,-0.994753121537831,-0.0600358536964175,0.556542778178816
-0.996118143174885,0.0844511411845727,-0.0248279853530439,0.738853146365264
0.0297677922363931,0.0577462395834814,-0.997887825653394,0.248291181752031
0,0,0,1
-0.0836055701731467,-0.994667610205754,-0.0603889683495455,0.561348166369412
-0.996039090162405,0.0852540175160791,-0.0252519851429438,0.737217613786863
0.0302657134640631,0.0580387279978614,-0.997855878832723,0.247272422298701
0,0,0,1
-0.0872919307318052,-0.994138910751827,-0.0637833622430868,0.565863293683545
-0.995654927710012,0.0891505336644542,-0.0268928845028181,0.734229170114703
0.0324215616974604,0.0611588482493038,-0.997601774575954,0.245828784062253
0,0,0,1
-0.0873037437948507,-0.994121589847956,-0.0640366550279234,0.570670681484029
-0.99565643121229,0.0891643531018235,-0.0267912126889806,0.732293535088818
0.0323434879384899,0.0614196953490811,-0.997588283265445,0.245642606334144
0,0,0,1
-0.0850690706483156,-0.994128563157794,-0.0668731997867483,0.576021498787413
-0.995787374520275,0.087131841765965,-0.0285539274002025,0.729547705093063
0.0342130365806065,0.0641625927387473,-0.997353244118308,0.243911525186953
0,0,0,1
-0.0797258841040801,-0.994594478094798,-0.0665280382615943,0.581761780916079
-0.996269618137856,0.0817153868954393,-0.0277348648113839,0.728229415418854
0.0330212853519052,0.0640688374370215,-0.997399439829382,0.244021005996391
0,0,0,1
-0.0759336859683166,-0.994906388568213,-0.0663002719225214,0.58635994861175
-0.996542183036609,0.0779714046517756,-0.028703943651124,0.726331319492414
0.0337272393016556,0.0638915822738199,-0.997387187974099,0.243276052434744
0,0,0,1
-0.0722078431169962,-0.995170933991733,-0.0664921990584087,0.591924319866888
-0.996811540783201,0.074274674542972,-0.0291513884069813,0.724653975893907
0.033949277765945,0.064175393276751,-0.997361433579287,0.241756986756418
0,0,0,1
-0.0683912018577625,-0.995628807526093,-0.0636104963362593,0.597586740392589
-0.997062917341967,0.0704140752641309,-0.0301193482912087,0.723001549811436
0.0344667416068658,0.0613639297269547,-0.997520613715514,0.24079165460691
0,0,0,1
-0.0654065473955182,-0.995856946816775,-0.0631767322549174,0.602449719648259
-0.997190563300365,0.0675479329388386,-0.0323733752862668,0.722037772863195
0.0365066833540749,0.0608819716757595,-0.997477573806636,0.238869574033858
0,0,0,1
-0.0653821241536598,-0.995919316945765,-0.0622114676670349,0.60747861496495
-0.997199105457022,0.0674807351782248,-0.0322501572948956,0.721533965258465
0.0363166053464269,0.0599287973911941,-0.997542232598789,0.23760901696916
0,0,0,1
-0.0657817882071094,-0.995843757953954,-0.0629947662124285,0.612491028002627
-0.997095885691813,0.0680297043651043,-0.0342276566527442,0.721152682599741
0.0383708871900509,0.0605604269371537,-0.99742717635069,0.235944650583561
0,0,0,1
-0.0671098796964122,-0.995737113442262,-0.0632790586618818,0.617800435999926
-0.996923840664963,0.0694929769628704,-0.0362403202844667,0.720280362215398
0.0404832541672355,0.0606524798271013,-0.997338079636767,0.234772500514152
0,0,0,1
-0.0673911056665854,-0.995465041110668,-0.067142862778088,0.62339158987479
-0.996747262403241,0.070153213693643,-0.0396635936120708,0.72016156188601
0.0441939778216075,0.0642516519449696,-0.99695510455223,0.232512732982368
0,0,0,1
-0.0644407620623392,-0.995554324978148,-0.068697505210947,0.628615939528798
-0.996698169208936,0.0676166105182922,-0.0449503390109977,0.720479355409932
0.0493955624261702,0.0655742040896345,-0.996624786453556,0.230143124525269
0,0,0,1
-0.0536950896604818,-0.995954916919955,-0.0720486894702761,0.633736117866555
-0.997266903065636,0.0571528369953693,-0.0468193983334367,0.721965141541836
0.0507477615589493,0.0693379616733393,-0.996302050313216,0.228357706943256
0,0,0,1
-0.0490979985871751,-0.996333988357209,-0.0700595734414915,0.639014470910399
-0.997514863550969,0.0524630158610318,-0.0470266668897037,0.721611988706349
0.0505297678269241,0.0675767108821553,-0.996434139290425,0.228300476280253
0,0,0,1
-0.0467920235447567,-0.996695833338506,-0.0663950082105512,0.644521826356532
-0.997490868787638,0.0501574550918656,-0.049959733703894,0.722102708124309
0.0531248258809976,0.0638908580865507,-0.996542308718483,0.229404760953735
0,0,0,1
-0.0416766658289933,-0.995487010390706,-0.0852586517294582,0.649569993205413
-0.996525301306918,0.0475752527741268,-0.0683644656512496,0.720187602706726
0.0721120883593857,0.0821133588980538,-0.994011120317324,0.229496909637883
0,0,0,1
-0.0399505215906103,-0.996652166738776,-0.0713357422788541,0.65437987583728
-0.996976265865792,0.0445218925705846,-0.0636859986080089,0.721344477189771
0.0666487436637466,0.0685759131146156,-0.9954175760091,0.22862840184468
0,0,0,1
-0.0448668268625469,-0.995369795690347,-0.0850076914746599,0.653989251643126
-0.996537363329609,0.0505567912855478,-0.0660081449107287,0.718068980675657
0.070000180302441,0.0817519230656596,-0.994191863962184,0.223885896904849
0,0,0,1
-0.0443196781782187,-0.994894359008277,-0.090671655250476,0.652996210430139
-0.996237117885964,0.0507803921896388,-0.0702334554183194,0.717414125002495
0.0744791580206435,0.0872179019768498,-0.993401609545278,0.218997488398618
0,0,0,1
-0.045363925734969,-0.994379685820231,-0.0956635871361871,0.652713570386474
-0.995974942376922,0.052430428300207,-0.0726962615310522,0.716574142318719
0.0773033136819877,0.0919809048606428,-0.992756051015885,0.213809191539317
0,0,0,1
-0.0446934034087567,-0.993941804014484,-0.100411931739662,0.652031927981739
-0.99577991423202,0.0523882411974857,-0.075349964476948,0.716349938774159
0.0801538271751912,0.0966206947777419,-0.992089044385956,0.207985771286815
0,0,0,1
-0.0459416944348064,-0.99360008987331,-0.103191993379867,0.65191983532334
-0.995496678303796,0.0541128774417128,-0.0778327895339276,0.715651631804866
0.0829186233941738,0.0991516724084617,-0.991611977816255,0.202713858382841
0,0,0,1
-0.0448716541896566,-0.99348488068076,-0.104760162144597,0.651797092137554
-0.995465451223612,0.0532710948229868,-0.0788067834964883,0.715610392852839
0.083873976759608,0.100749087131165,-0.991370588869462,0.197349390763947
0,0,0,1
-0.0388706344986283,-0.993797970099299,-0.104187493874197,0.652643235268332
-0.995368336727636,0.047683340626746,-0.0834742889208626,0.714373236763887
0.0879245240007077,0.100460389685952,-0.991048865789361,0.191300424759939
0,0,0,1
-0.03093044933493,-0.99430014204367,-0.102033823476132,0.653624639018417
-0.995873293559181,0.0393704233996939,-0.0817687936423899,0.715419858766084
0.0853197772298222,0.0990837702953139,-0.991415053560373,0.186244916556422
0,0,0,1
-0.0198682991154091,-0.994872695135599,-0.0991662162684147,0.655237804701418
-0.996269248122832,0.0280317263961258,-0.0816185608209363,0.71595651049098
0.0839798180638898,0.0971747859866471,-0.991718365895042,0.181246611417622
0,0,0,1
0.0033619127352325,-0.995365283630063,-0.096109405669697,0.65705781037112
-0.996500709261627,0.00469204910486819,-0.083451197303167,0.716172901013811
0.0835153153071402,0.0960538029539116,-0.991866787922397,0.176394941699909
0,0,0,1
0.0119245207228244,-0.995500845111251,-0.0940012859814955,0.658695166761504
-0.996442456036501,-0.00398698242673893,-0.0841802643817795,0.717513665782511
0.0834266835041007,0.0946708381529512,-0.992007200828425,0.171452050383092
0,0,0,1
0.0129017123195911,-0.995671888873017,-0.0920402334526446,0.660449313065694
-0.99633025301095,-0.0050117639929262,-0.0854440781656529,0.717859462397877
0.0846129225436366,0.0928050007940615,-0.992083035892365,0.166753914827428
0,0,0,1
0.0145532481650008,-0.995477230991631,-0.0938810635860466,0.660972962057122
-0.995992072894324,-0.00614580884378955,-0.0892289289979182,0.717587830393482
0.0882483291996593,0.0948035223689345,-0.991577223065781,0.161609972504612
0,0,0,1
0.0148445393042464,-0.995118877268174,-0.0975624282230797,0.660773935324592
-0.995819224945122,-0.00591827965315629,-0.091152770479889,0.717091222319863
0.0901303766194205,0.0985078185381452,-0.99104671444189,0.155997804090672
0,0,0,1
0.0131231847910216,-0.994973004650551,-0.0992817672024028,0.661312909188307
-0.996097876921358,-0.00434238592782682,-0.08814729216643,0.717286336512771
0.0872729942234213,0.100051286567322,-0.991147834966057,0.15040023521555
0,0,0,1
0.00938395771262248,-0.995298457822438,-0.0964017075737689,0.662863064936805
-0.996883469111431,-0.00176005480477644,-0.0788671762522805,0.718170302254292
0.0783266510009468,0.0968415112750158,-0.992213447026325,0.144897603113739
0,0,0,1
0.00518032336337696,-0.995402990337864,-0.095636914144982,0.663551151527037
-0.997598241434437,0.00146157891794534,-0.0692487640075132,0.719436109963286
0.0690701588516112,0.0957661049441482,-0.993005052610139,0.139668970848883
0,0,0,1
0.00239850907727459,-0.994975254938498,-0.10009423770698,0.662567504596779
-0.997926702398265,0.00405600324682028,-0.0642310179841072,0.720167301452124
0.0643142107294079,0.100040927326774,-0.992902998826971,0.134068755424575
0,0,0,1
0.000129712919999292,-0.994238691635411,-0.10719035759174,0.661854581644705
-0.997970548255296,0.00669668050028031,-0.063322329541709,0.718926075005965
0.0636752848175803,0.106981188851358,-0.992220416537462,0.128524856463128
0,0,0,1
-0.00127067205167491,-0.993512413496303,-0.11371822038487,0.66070765680861
-0.997830979180371,0.00874397542970532,-0.0652430711511828,0.717815119783164
0.0658141040165257,0.11338881499118,-0.991368928901984,0.123585340644921
0,0,0,1
-0.00222003304518925,-0.993519430516746,-0.113642319072525,0.661202183584522
-0.997775005093088,0.00977306237494733,-0.0659492611344231,0.716700401450008
0.0666324588454006,0.113243210304916,-0.9913309051193,0.118670713560779
0,0,0,1
-0.000882420406584782,-0.993820522523564,-0.110997094531026,0.660917910763402
-0.997951636862001,0.0079751183814047,-0.0634720896001516,0.717670472586137
0.0639650351809118,0.110713877813308,-0.991792208086184,0.113089551987346
0,0,0,1
-0.00111920278691334,-0.993770669843132,-0.111440422164718,0.660474680510743
-0.997993417073483,0.00816487441312685,-0.0627873586296123,0.717431510437781
0.0633060879389295,0.111146690585097,-0.991786078283555,0.107553632792692
0,0,0,1
0.00878537259783231,-0.993466813356341,-0.113784321917539,0.659939229309202
-0.997816642078049,-0.0012610994015329,-0.0660313316286019,0.716003712892048
0.0654563971466538,0.114116154117478,-0.991309152838875,0.102487549386232
0,0,0,1
0.0286595447300293,-0.994130308791857,-0.10432605252307,0.661539385499748
-0.997876409501947,-0.0223471459530829,-0.0611805041414498,0.717471008429812
0.0584899629200267,0.105858067485794,-0.992659995089436,0.0974794200611719
0,0,0,1
0.033410489142133,-0.993887912414793,-0.10521844876571,0.661388781439487
-0.997677501930566,-0.0269138741176915,-0.0625701479457396,0.716234633666861
0.0593558359715856,0.107064733588651,-0.992479168445562,0.0924587161870434
0,0,0,1
0.0450001464633366,-0.993792236720061,-0.101746461723696,0.662198036358344
-0.99708911040855,-0.038406177475471,-0.0658638747952913,0.715101670134998
0.0615472715072088,0.104414328563318,-0.992628053551111,0.0894369435165239
0,0,0,1
0.0430384100348154,-0.992665493324953,-0.112974672074252,0.659082564314361
-0.997326201285849,-0.0360030786956125,-0.0635924898989345,0.716821130558418
0.0590585929177991,0.115409674330332,-0.99156117505234,0.0933037752131309
0,0,0,1
0.04456270464062,-0.991959479322076,-0.118452177371108,0.657391586283902
-0.997388616428703,-0.0374314131970819,-0.0617625709239244,0.718207355722748
0.0568320955144832,0.120895313936533,-0.991037492571254,0.0980576414932668
0,0,0,1
0.0570697362943309,-0.991560488320393,-0.116409640619612,0.656302773782387
-0.996776722143957,-0.050005101533951,-0.0627330426642184,0.717691560159816
0.056382491061149,0.119614731806209,-0.99121854608452,0.10322752048706
0,0,0,1
0.0571534356054993,-0.991596401107268,-0.11606215321808,0.655848008617864
-0.996671797130773,-0.0499013464436682,-0.0644590044318155,0.71600817171842
0.0581256183590261,0.11936008200772,-0.991148555218162,0.107969099974244
0,0,0,1
0.0582579096697028,-0.991791485545307,-0.11382454429973,0.654798592725516
-0.996468678674443,-0.0508659539113748,-0.0668027417399023,0.714743803976386
0.0604645539861575,0.117314535225551,-0.991252849672574,0.113111042778902
0,0,0,1
0.0565885069436576,-0.992653457377796,-0.106944929145803,0.655245444272532
-0.99679935680589,-0.0501145815844136,-0.0622844247571176,0.714332081796531
0.0564673096602662,0.110127374032048,-0.992312590737255,0.118680448761918
0,0,0,1
0.0550277434911457,-0.992862288578702,-0.105814872173985,0.654904856373584
-0.996818025797648,-0.048505925272117,-0.0632516978496496,0.712441848742034
0.0576675367790934,0.108958925171028,-0.992372551373197,0.123348082546226
0,0,0,1
0.0539598290523964,-0.993093842066595,-0.10417927801266,0.654389780843195
-0.996860299754497,-0.0475205998331933,-0.0633333557827981,0.711417436690919
0.0579452632147663,0.107269798562179,-0.992540381672735,0.128950931542944
0,0,0,1
0.055392601775136,-0.993285186436053,-0.101570482253802,0.653725564473343
-0.996607074745947,-0.0488006032401009,-0.0662768336982587,0.710079874791198
0.0608750535270688,0.104897262942201,-0.992618589198626,0.134151804874676
0,0,0,1
0.0584402063979402,-0.993592419194177,-0.0967430231653286,0.653781947692371
-0.996282728573918,-0.0519045997962983,-0.0687489396677732,0.709135291266962
0.0632869728182074,0.100401261359194,-0.992932634138086,0.139747341586902
0,0,0,1
0.061907143503615,-0.994069584174635,-0.0894065696028422,0.654170771858351
-0.995763707645127,-0.0554134059757043,-0.0733741997294368,0.708297886696656
0.0679846896519389,0.0935703612246292,-0.993289251577266,0.144994144194561
0,0,0,1
0.0628189432025452,-0.994481765794769,-0.0840247966791234,0.654588740510437
-0.995584941919595,-0.0565594795253526,-0.074909473204276,0.707477390478113
0.0697436570943067,0.0883597137852266,-0.993644428123208,0.150759073754842
0,0,0,1
0.0685930346806952,-0.994755457667786,-0.0758745362584006,0.654658179447246
-0.994739542088223,-0.062395475508627,-0.0812393361245031,0.7066521292791
0.0760789912289962,0.0810480124301216,-0.993802832651744,0.155736223245077
0,0,0,1
0.070973638547456,-0.994995860117849,-0.0703303097358094,0.654848308472489
-0.994284875002909,-0.0649331128392718,-0.0847411385710308,0.705616474472003
0.0797502594278077,0.0759429091358213,-0.993918222058112,0.160656027524766
0,0,0,1
0.0731967442490899,-0.995257231652564,-0.064075365500461,0.654682967789061
-0.994150812142279,-0.0676978775887695,-0.0841483364369857,0.70645077946265
0.0794114176626941,0.0698601206405904,-0.994391396877446,0.166059901942395
0,0,0,1
0.074878840970983,-0.995387213686936,-0.0599818970230266,0.653882844506426
-0.993956258147018,-0.0696585731923141,-0.084843519123144,0.706133882793716
0.0802738436368824,0.0659725264942732,-0.99458765046894,0.171711241720658
0,0,0,1
0.0757567959689648,-0.995443603456072,-0.0579078118006021,0.652326116687191
-0.993891307165037,-0.0707094152569851,-0.0847350627032791,0.706025389341575
0.0802542915569474,0.0639734880639905,-0.994719809621858,0.177157437675054
0,0,0,1
0.0757318273629633,-0.995668252459578,-0.0539425338641887,0.652140010655825
-0.993934275268454,-0.0710523124367453,-0.0839405024973643,0.705735044810602
0.0797440949403502,0.0599724618816657,-0.99501007042834,0.182211710843293
0,0,0,1
0.0767233361660906,-0.995790134346053,-0.0501588936067203,0.65100611914719
-0.993888613980387,-0.072378654235938,-0.0833458818610009,0.70566239050426
0.0793645172272057,0.0562470887489549,-0.99525795376976,0.187668993851576
0,0,0,1
0.0766355273949448,-0.995968639042205,-0.0466244957348483,0.650451399381251
-0.994027586025449,-0.0726752420778275,-0.0814079219297557,0.706359376005148
0.0776912354666501,0.0525849358278076,-0.995590152531431,0.192619308910484
0,0,0,1
0.0776802510336187,-0.996077338892183,-0.042380329255552,0.650288663538041
-0.99424373538899,-0.0742509583866362,-0.0772397027393136,0.707284327023489
0.0737898851206499,0.0481365387912503,-0.996111831666476,0.197532311703024
0,0,0,1
0.0789315230465285,-0.996158041219649,-0.0379387868212487,0.650301915610928
-0.994459163352712,-0.0760322084920977,-0.0725937812282462,0.708878018149071
0.0694302599764353,0.0434586749442843,-0.996640174062096,0.202696295547418
0,0,0,1
0.0800112390047795,-0.996277260421717,-0.0320967852412104,0.650781570706013
-0.994715391967269,-0.0777246969129181,-0.0670816019201756,0.711042950101487
0.0643371162187027,0.037294612198839,-0.997231517870354,0.207789102680393
0,0,0,1
0.0802039580527844,-0.996418698403692,-0.0267859258777262,0.651514197882824
-0.994991672386208,-0.0784230511647168,-0.0619772318855357,0.712132436695292
0.0596545966525717,0.031622756998352,-0.997718488390231,0.212819952353261
0,0,0,1
0.0807588407605013,-0.996493127687332,-0.0219052692795783,0.651875919876066
-0.995161172607551,-0.079378018725891,-0.0579063960116477,0.713285767903045
0.0559644894589466,0.0264758920102418,-0.998082087631944,0.217787183184275
0,0,0,1
0.0802035312655419,-0.996650869656872,-0.0159632153207898,0.652928267629897
-0.995464513059205,-0.0792655580943389,-0.0526037459057762,0.714196677104592
0.0511622001027411,0.0201099864460655,-0.998488290790789,0.222645090387526
0,0,0,1
0.0819504245753494,-0.996601280387431,-0.00839075517553306,0.653531148932952
-0.99534177875395,-0.0814121323482394,-0.0516390145597954,0.714469049869233
0.0507803631914939,0.0125836751115511,-0.998630989192648,0.228080934635725
0,0,0,1
0.0835825313342121,-0.996499587035072,0.0017104400108004,0.654526635592354
-0.995082332205284,-0.0835550055948082,-0.0531929801925759,0.714083075955036
0.0531496612940707,0.0027441431542548,-0.998583209565537,0.234427005307285
0,0,0,1
0.0857067798755596,-0.996273881313298,0.00964862029801333,0.65504132455004
-0.994719971336449,-0.086113790907139,-0.0558244934275043,0.712864882372067
0.0564473242483027,-0.0048129690634893,-0.998394398638592,0.240441593220198
0,0,0,1
0.0875298521366403,-0.996045203986284,0.0152601741616392,0.65473430139936
-0.994515131465636,-0.0882553738118441,-0.0561286284651389,0.712324031625161
0.0572534031987874,-0.0102633742950702,-0.998307342116739,0.246589349053197
0,0,0,1
0.0865072095764398,-0.996054806707731,0.0197919868840569,0.65512222563353
-0.9944675673392,-0.0875235409150506,-0.0580832855131847,0.710684217682847
0.0595863584117005,-0.0146576963668946,-0.998115952368352,0.252214608549723
0,0,0,1
0.0872083929595464,-0.995825020499413,0.0269745294599828,0.65567869661892
-0.994369611519051,-0.0886533356200358,-0.0580469002966299,0.710314622952683
0.0601958951414648,-0.0217603049944408,-0.997949786962938,0.25720441005804
0,0,0,1
0.0889094207625372,-0.995361568681981,0.0367541336541378,0.657238878365519
-0.993975574138485,-0.0910390906590249,-0.0610264152676253,0.708894978687411
0.0640893659100717,-0.0311067164064614,-0.997459651049567,0.262468791931674
0,0,0,1
0.0928989076192293,-0.994610892326197,0.0460366446519004,0.658043730107624
-0.993348286167658,-0.0957420426508735,-0.0639720702262993,0.708852143009879
0.0680349119051872,-0.0397873142822269,-0.996889686351085,0.267843595487857
0,0,0,1
0.101010089066893,-0.9929749774549,0.0616284657965879,0.658403127157041
-0.992470252549747,-0.104884949452796,-0.0632592145728172,0.711808921479062
0.0692786663956216,-0.0547744262351718,-0.99609289182696,0.272035182199944
0,0,0,1
0.096668225958286,-0.993644670669791,0.0576709052636956,0.66027914432384
-0.992591882067263,-0.100526043458548,-0.068232348044938,0.707128335771649
0.0735960844832266,-0.0506475989436766,-0.996001635811582,0.271224919735289
0,0,0,1
0.093547607409595,-0.99462300643597,0.044433392381041,0.658653976638258
-0.992526660610015,-0.0966768542088609,-0.0744593664069407,0.703080986772959
0.0783546235603926,-0.0371356590249659,-0.996234069668769,0.274010771967961
0,0,0,1
0.114372892635168,-0.992104242439761,0.0514627975256333,0.656880597969786
-0.990313121178033,-0.117965510069427,-0.0732382831848426,0.70672434845695
0.0787307904183927,-0.0425876368181643,-0.995986234603662,0.27733915903362
0,0,0,1
0.130293727434483,-0.988946465551429,0.0707731853261893,0.659110393644443
-0.988260345432148,-0.135283748343699,-0.0709900337077688,0.708368291692725
0.0797797477094004,-0.0606926021034102,-0.994963525223896,0.281947188876057
0,0,0,1
0.138416017388647,-0.985683507317494,0.0962779794178337,0.660337955294181
-0.987089225267789,-0.145214673847006,-0.0675821638839194,0.711671834244946
0.0805955420449445,-0.0856803253055092,-0.993057927301824,0.286649008526298
0,0,0,1
0.151857409782382,-0.972773574449025,0.175075275794097,0.663725447294593
-0.985670656510119,-0.162203001517819,-0.0462961529691137,0.71201347819001
0.0734333568353952,-0.165535964052964,-0.983466399628828,0.282481967838724
0,0,0,1
0.127783363329007,-0.963952879256374,0.233381113737082,0.659469669446691
-0.991140590332696,-0.132704631512738,-0.00544023662711488,0.70945385438395
0.0362148610144754,-0.230618133699589,-0.972370559380161,0.280111847478854
0,0,0,1
0.101459400151186,-0.966050242104161,0.23759926721728,0.654902478185504
-0.994282443406451,-0.106459936602086,-0.00827561469409973,0.706763041364166
0.033289439191359,-0.235400951297653,-0.971328444756074,0.280516282793411
0,0,0,1
0.0807046061436959,-0.966947257501817,0.241868279280216,0.651312966337927
-0.996111482986376,-0.0868453511522015,-0.0148181366071842,0.702661049770037
0.0353334673771408,-0.23973168842611,-0.970196373667994,0.28046459814863
0,0,0,1
0.0835560899494852,-0.956817146955195,0.278423855055087,0.648265471421465
-0.995308458057684,-0.0938085369628554,-0.0236814541846335,0.699169060769626
0.0487773211462647,-0.275138695802821,-0.960166751578585,0.282385699972145
0,0,0,1
0.0959373339186965,-0.930836639903106,0.352618397256101,0.650222961981057
-0.994030606732555,-0.108082752199489,-0.0148678459379002,0.701226895854006
0.0519514652969332,-0.349086901406437,-0.935649538153423,0.286575994042109
0,0,0,1
0.0661312402167787,-0.913979024802786,0.400336845119934,0.646854130632472
-0.995408695424261,-0.0882523645679698,-0.0370517017389653,0.698819489533918
0.0691951013307827,-0.396048303381517,-0.915619149543451,0.289488957349798
0,0,0,1
0.0597392933453204,-0.90512234368993,0.420933915554896,0.646197097128781
-0.994373528841706,-0.0909137438633407,-0.0543668748282151,0.694045815516258
0.0874772877752274,-0.4153175054975,-0.905461057599964,0.29215710414174
0,0,0,1
0.0665487804574144,-0.892363950871839,0.446383753800096,0.641087288524958
-0.992666002445218,-0.104462753449884,-0.0608401471155194,0.694673480841044
0.100921956560885,-0.439060939470523,-0.892771452285133,0.294416687851162
0,0,0,1
0.037713192180555,-0.897619265313027,0.439155990605503,0.637726007656452
-0.993538380094123,-0.080758357549374,-0.0797455808062856,0.691752469765065
0.107046608178474,-0.433310671998158,-0.894865075545009,0.297091387714945
0,0,0,1
0.0106737166223787,-0.903465309503898,0.428529013205066,0.634343006755727
-0.993217202659769,-0.0592005265150417,-0.100073326841885,0.687260835523647
0.115781838045456,-0.424554034754159,-0.897969408871648,0.298514642913555
0,0,0,1
0.0270677161093543,-0.891915189934011,0.451392573407822,0.635402433409428
-0.993969678067503,-0.0720146795627242,-0.0826918829121193,0.693264694002843
0.106260960535961,-0.446432050972064,-0.888486152028111,0.297152221097123
0,0,0,1
0.0464523532278379,-0.878907918406528,0.474724853041089,0.638500194668131
-0.99472840290508,-0.0841924542413566,-0.0585390092160764,0.699000870976488
0.09141858257774,-0.469502819857121,-0.878185825140741,0.296454351037484
0,0,0,1
0.0669066329413413,-0.863975570391949,0.49906950043976,0.641295527585665
-0.994861213399698,-0.0958619386294199,-0.0325796686599026,0.704062803595935
0.0759897522587787,-0.494324891878594,-0.865949793056056,0.297319571817744
0,0,0,1
0.0606452449736995,-0.854314182020633,0.51620741407052,0.640428727616682
-0.994643345333718,-0.0950914861027822,-0.0405216624031783,0.699352859645045
0.0837050999189876,-0.510984621991551,-0.855504965332006,0.30036995378387
0,0,0,1
0.0635332179597295,-0.842648479820931,0.534703415977031,0.641818502918866
-0.994015485385331,-0.101139029741142,-0.0412782323606908,0.698833128973061
0.0888623595053803,-0.528880735479335,-0.844031521715083,0.305151392279543
0,0,0,1
0.068147350683156,-0.829344466083244,0.554566840893127,0.64417286521306
-0.993728671128003,-0.105817641142346,-0.036134973670177,0.699204487356384
0.0886512305614368,-0.548626265906799,-0.83135475450176,0.309883832806528
0,0,0,1
0.0792884274719845,-0.809132004831787,0.582253764853775,0.64620461313885
-0.992781897266736,-0.116819991131544,-0.0271473141152867,0.700074961495581
0.0899845744308301,-0.575898328415343,-0.812554257771712,0.314749556361381
0,0,0,1
0.0681040724162059,-0.758685368284498,0.647888180273928,0.644051338106885
-0.994254917406863,-0.105361304946272,-0.0188662542441748,0.695566891790303
0.0825758344772662,-0.64288094046542,-0.761502341089731,0.312609410113903
0,0,0,1
0.0774744525948036,-0.735058951689543,0.673562772973659,0.642694017493658
-0.993755309857554,-0.111347159015469,-0.00720945009390412,0.698938742744945
0.0802986128900645,-0.668797834897005,-0.739095433531006,0.308867949589249
0,0,0,1
0.0936986430109689,-0.688529946227586,0.71912993717052,0.644754033929891
-0.993813376025926,-0.107942026012059,0.0261395493733714,0.701043207560072
0.0596264357216806,-0.717129994081211,-0.694384405496473,0.313201722550159
0,0,0,1
0.121990287917453,-0.646755694286839,0.752878639786467,0.646536862342551
-0.991470862472332,-0.114459728800127,0.0623240617206375,0.705429483039624
0.0458658089343727,-0.754059970183551,-0.655202495612561,0.31574878301356
0,0,0,1
0.132443849687838,-0.617540989882593,0.775308047244933,0.642778432711086
-0.991115899694992,-0.0921000949882779,0.0959512303677511,0.70767272471441
0.0121521174561299,-0.78112809100726,-0.624252864183395,0.312294240242066
0,0,0,1
0.129985589007273,-0.517914527211283,0.845499345081515,0.643613442362793
-0.989870217236196,-0.018676581968653,0.140740666077662,0.703457877801009
-0.0571005567942619,-0.855228696918052,-0.515095881901373,0.3150048814128
0,0,0,1
0.134798582933361,-0.479198574432448,0.867294027496925,0.642119500233344
-0.989131674560888,-0.0132086737266303,0.146437220328088,0.701033482091338
-0.0587166614049943,-0.877607345823268,-0.475771011668169,0.320208470463847
0,0,0,1
0.145562929532972,-0.449536091462878,0.881322642626132,0.64282377009156
-0.98807133276759,-0.0207990923363634,0.152585188988795,0.701272521147894
